26.74243927001953
26.309371948242188
26.73073959350586
25.417783737182617
25.135906219482422
24.647302627563477
24.63383674621582
23.079341888427734
22.68359375
21.402957916259766
20.40561866760254
19.36360740661621
18.603893280029297
18.610830307006836
17.225330352783203
16.91232681274414
16.894018173217773
16.45803451538086
16.209674835205078
15.061477661132812
15.550863265991211
15.788679122924805
14.70528793334961
15.703468322753906
14.412156105041504
15.662330627441406
14.931065559387207
15.426162719726562
14.884061813354492
17.016714096069336
15.511134147644043
14.76524829864502
14.5798921585083
15.910752296447754
14.887171745300293
15.147650718688965
15.50365161895752
15.408453941345215
15.805130958557129
15.099559783935547
15.261332511901855
16.068832397460938
15.544532775878906
15.256036758422852
15.00400161743164
15.219436645507812
14.240791320800781
